% This MATLAB-script copares the results of the autocorrelation-function in
% C++ and the AutoCorr-function in MATLAB. 
% Simlply run the example_auto_corr.cc and copy x and rxx from terminal.
% Make sure to check, that Windowsize and delay for 
% the MATLAB and C++ calculation are equal.

% Window-size for MATLAB-coputation
window_size = 3;  

% lag (delay) for MATLAB-computation 
lag = 3;

% Input-signal with repeating QPSK-Symbols generated by signal_generator in example_auto_correlation.cc
x = [ ...
0.063074 + 1i*0.003053, 0.089401 + 1i*0.039922, -0.036160 + 1i*-0.086183, 0.065918 + 1i*-0.030798, -0.040287 + 1i*-0.006882,  ...
-0.087695 + 1i*-0.127173, -0.028273 + 1i*-0.089282, 0.002347 + 1i*-0.030563, 0.110553 + 1i*0.033984, -0.026128 + 1i*0.048801,  ...
0.002725 + 1i*-0.067610, -0.006290 + 1i*0.007104, 0.117536 + 1i*-0.012939, 0.001202 + 1i*-0.056980, 0.058748 + 1i*0.028865,  ...
0.050762 + 1i*-0.044919, -0.105011 + 1i*0.044341, -0.051064 + 1i*0.007192, -0.018680 + 1i*0.118387, 0.050677 + 1i*0.087572,  ...
0.067928 + 1i*-0.050898, 0.028645 + 1i*0.011459, -0.031642 + 1i*-0.000899, -0.034171 + 1i*0.073778, -0.011588 + 1i*0.000439,  ...
0.096857 + 1i*0.062095, 0.020720 + 1i*0.010353, -0.062090 + 1i*0.055337, 0.097082 + 1i*-0.058392, -0.077729 + 1i*0.017659,  ...
-0.683654 + 1i*-0.699473, -0.700498 + 1i*0.655330, -0.676440 + 1i*0.737915, 0.630340 + 1i*-0.895631, 0.681298 + 1i*-0.734433,  ...
0.698592 + 1i*0.652429, 0.708888 + 1i*0.705606, 0.665293 + 1i*-0.593924, -0.809071 + 1i*-0.715630, -0.665982 + 1i*0.647389,  ...
0.758310 + 1i*0.628091, -0.805838 + 1i*0.765166, 0.629887 + 1i*0.722887, 0.755723 + 1i*-0.606549, -0.830314 + 1i*-0.766656,  ...
-0.661196 + 1i*-0.697432, -0.786256 + 1i*-0.706351, -0.707336 + 1i*0.685738, -0.647720 + 1i*0.658439, 0.744590 + 1i*-0.764530,  ...
0.738513 + 1i*-0.575372, 0.746666 + 1i*0.749461, 0.683283 + 1i*0.860085, 0.500194 + 1i*-0.583495, -0.754609 + 1i*-0.891250,  ...
-0.705503 + 1i*0.732377, 0.653267 + 1i*0.826269, -0.727097 + 1i*0.678830, 0.649552 + 1i*0.582062, 0.632808 + 1i*-0.643832,  ...
-0.657114 + 1i*-0.640493, -0.665875 + 1i*-0.767307, -0.637313 + 1i*-0.727189, -0.661367 + 1i*0.768549, -0.718008 + 1i*0.714144,  ...
0.578809 + 1i*-0.762529, 0.590032 + 1i*-0.698643, 0.792126 + 1i*0.685900, 0.751788 + 1i*0.843913, 0.633603 + 1i*-0.784663,  ...
-0.790671 + 1i*-0.824049, -0.684538 + 1i*0.641955, 0.590291 + 1i*0.724533, -0.678985 + 1i*0.800074, 0.860958 + 1i*0.597780,  ...
0.765041 + 1i*-0.635238, -0.726741 + 1i*-0.694701, -0.599820 + 1i*-0.800919, -0.626181 + 1i*-0.575608, -0.814902 + 1i*0.828853,  ...
-0.629646 + 1i*0.795091, 0.659604 + 1i*-0.693405, 0.609150 + 1i*-0.676837, 0.748975 + 1i*0.687941, 0.721283 + 1i*0.770994,  ...
0.759355 + 1i*-0.740763, -0.631580 + 1i*-0.797405, -0.793784 + 1i*0.703862, 0.736525 + 1i*0.642020, -0.758533 + 1i*0.719540,  ...
0.692104 + 1i*0.690570, 0.748126 + 1i*-0.787992, -0.725161 + 1i*-0.765412, -0.696196 + 1i*-0.710320, -0.009812 + 1i*0.038910,  ...
-0.078477 + 1i*-0.007137, -0.129180 + 1i*0.077465, 0.052973 + 1i*-0.051941, -0.011498 + 1i*-0.089871, -0.008018 + 1i*-0.036562,  ...
-0.012715 + 1i*-0.045396, 0.054269 + 1i*0.006542, -0.034358 + 1i*-0.005439, 0.080455 + 1i*0.034932, -0.057970 + 1i*0.004034,  ...
-0.026319 + 1i*-0.057852, 0.109930 + 1i*-0.063498, 0.029242 + 1i*-0.024186, 0.050043 + 1i*0.059872, 0.089117 + 1i*-0.005965,  ...
-0.116825 + 1i*0.041213, -0.106916 + 1i*-0.009876, -0.032998 + 1i*0.013131, 0.030385 + 1i*-0.081729, 0.024032 + 1i*0.097451,  ...
0.001692 + 1i*0.002444, -0.050562 + 1i*-0.045344, 0.272519 + 1i*0.001505, -0.007195 + 1i*-0.050184, -0.092900 + 1i*0.052817,  ...
-0.026118 + 1i*-0.056017, 0.065019 + 1i*-0.107737, 0.027838 + 1i*-0.051625, 0.133766 + 1i*0.075452, -0.035618 + 1i*-0.037725,  ...
0.028198 + 1i*0.120953, -0.121384 + 1i*0.101939, 0.020949 + 1i*-0.007166, -0.011689 + 1i*0.096349, -0.012873 + 1i*0.059275,  ...
0.010611 + 1i*-0.049115, -0.018627 + 1i*0.090938, 0.127741 + 1i*0.009098, 0.127786 + 1i*-0.013510, 0.050380 + 1i*-0.107543,  ...
-0.113201 + 1i*0.084280, 0.031641 + 1i*0.063955, 0.023772 + 1i*0.036305, -0.000496 + 1i*0.011005, 0.096823 + 1i*0.071880,  ...
-0.081610 + 1i*-0.092238, 0.016711 + 1i*-0.057833, 0.001112 + 1i*-0.060161, -0.042354 + 1i*-0.047096, -0.138273 + 1i*-0.098113,  ...
-0.050999 + 1i*0.110575, 0.044203 + 1i*0.040190, -0.051364 + 1i*-0.008507, -0.065411 + 1i*-0.040361, -0.030665 + 1i*-0.100779,  ...
0.073468 + 1i*0.118526, 0.054290 + 1i*-0.065436, -0.042596 + 1i*-0.015893, -0.022161 + 1i*0.050334, -0.139153 + 1i*-0.025232,  ...
-0.091959 + 1i*-0.056846, -0.073559 + 1i*0.034137, -0.079703 + 1i*0.084633, -0.091303 + 1i*0.031667, -0.065642 + 1i*0.055828,  ...
0.099556 + 1i*0.053325, -0.002458 + 1i*0.099717, -0.028197 + 1i*-0.056419, -0.010933 + 1i*-0.080852, 0.053809 + 1i*-0.019467,  ...
0.081886 + 1i*-0.032324, -0.103242 + 1i*0.026208, -0.042926 + 1i*-0.068932, -0.075211 + 1i*-0.058826, 0.006829 + 1i*0.009448,  ...
-0.035174 + 1i*0.052594, -0.077493 + 1i*-0.011182, 0.043081 + 1i*0.004059, -0.070853 + 1i*-0.088986, 0.067641 + 1i*-0.038386,  ...
0.112952 + 1i*-0.021483, 0.065862 + 1i*-0.098268, -0.058115 + 1i*0.016587, 0.044512 + 1i*0.006216, -0.036126 + 1i*-0.130284,  ...
-0.054187 + 1i*0.022789, 0.000790 + 1i*-0.073519, -0.003087 + 1i*-0.008689, 0.002740 + 1i*-0.112870, 0.132808 + 1i*0.003551,  ...
0.073432 + 1i*0.040320, 0.110566 + 1i*-0.076878, -0.001032 + 1i*-0.049450, 0.090985 + 1i*0.003627, -0.072754 + 1i*-0.008485,  ...
-0.158226 + 1i*-0.044917, 0.020684 + 1i*0.094843, -0.068200 + 1i*-0.069814, -0.016325 + 1i*-0.062474, -0.014879 + 1i*0.077235,  ...
-0.031267 + 1i*0.032506, -0.022655 + 1i*0.057044, 0.171799 + 1i*0.131193, 0.013073 + 1i*-0.079686, 0.115583 + 1i*0.041841 ...
];

% Autocorrelation-result calculated in example_auto_correlation.cc
